starting node 0
found main node
starting numio at $2024-01-30 15:04:13.658944
numio run finished, output is: $Utilized backend:	MPI Async
Time taken:		56.101 s
Mem used (lower bound):	6.00 MB
Method for calculation:	Jacobi
Lines:			500
Perturbation function:	f(x,y) = 2 * pi^2 * sin(pi * x) * sin(pi * y)
Number of iterations:	9000
Norm of error:		1.658094e-05

Total write operations across all processes: 0
Bytes written in total: 0 B
Total throughput in writing: 0.00 B/s
Time spent copying matrices (avg/process): 0.000 s

Total read operations across all processes: 0
Bytes read in total: 0 B
Total throughput in reading: 0.00 B/s
Average CPU/core usage per process: 99.86 %

Matrix:
 0.0000 0.0000 0.0000 0.0000 0.0000 0.0000 0.0000 0.0000 0.0000
 0.0000 0.0195 0.0363 0.0490 0.0556 0.0555 0.0488 0.0360 0.0000
 0.0000 0.0363 0.0676 0.0912 0.1035 0.1034 0.0909 0.0671 0.0000
 0.0000 0.0490 0.0912 0.1231 0.1397 0.1395 0.1227 0.0906 0.0000
 0.0000 0.0556 0.1035 0.1397 0.1585 0.1583 0.1392 0.1027 0.0000
 0.0000 0.0555 0.1034 0.1395 0.1583 0.1582 0.1390 0.1026 0.0000
 0.0000 0.0488 0.0909 0.1227 0.1392 0.1390 0.1222 0.0902 0.0000
 0.0000 0.0360 0.0671 0.0906 0.1027 0.1026 0.0902 0.0666 0.0000
 0.0000 0.0000 0.0000 0.0000 0.0000 0.0000 0.0000 0.0000 0.0000

numio run finished at: 2024-01-30 15:05:10.175925
main node finished, sending done signals...
sending stop signal to node: 1
sending stop signal to node: 2
sent all done signals
shutting down node 0 at 2024-01-30 15:05:11.327479
starting node 1
found background node with rank: 1
starting background daemon on node 1
listening for done signal on 1
received done on node 1 ending process...
done with running background daemon on node 1
shutting down node 1 at 2024-01-30 15:05:11.920083
starting node 2
found background node with rank: 2
starting background daemon on node 2
listening for done signal on 2
received done on node 2 ending process...
done with running background daemon on node 2
shutting down node 2 at 2024-01-30 15:05:12.074317
