starting node 0
found main node
starting numio at $2024-02-01 14:03:47.141503
numio run finished, output is: $Utilized backend:	MPI Async
Time taken:		62.195 s
Mem used (lower bound):	6.00 MB
Method for calculation:	Jacobi
Lines:			500
Perturbation function:	f(x,y) = 2 * pi^2 * sin(pi * x) * sin(pi * y)
Number of iterations:	9000
Norm of error:		1.797630e-05

Total write operations across all processes: 140
Bytes written in total: 279.44 MB
Total throughput in writing: 4.60 MB/s
Time spent copying matrices (avg/process): 0.067 s

Total read operations across all processes: 138
Bytes read in total: 275.45 MB
Total throughput in reading: 91.99 MB/s
Average CPU/core usage per process: 90.46 %

Matrix:
 0.0000 0.0000 0.0000 0.0000 0.0000 0.0000 0.0000 0.0000 0.0000
 0.0000 0.0111 0.0207 0.0279 0.0316 0.0316 0.0278 0.0205 0.0000
 0.0000 0.0207 0.0385 0.0519 0.0589 0.0588 0.0517 0.0382 0.0000
 0.0000 0.0279 0.0519 0.0701 0.0795 0.0794 0.0698 0.0515 0.0000
 0.0000 0.0316 0.0589 0.0795 0.0902 0.0901 0.0792 0.0585 0.0000
 0.0000 0.0316 0.0588 0.0794 0.0901 0.0900 0.0791 0.0584 0.0000
 0.0000 0.0278 0.0517 0.0698 0.0792 0.0791 0.0695 0.0513 0.0000
 0.0000 0.0205 0.0382 0.0515 0.0585 0.0584 0.0513 0.0379 0.0000
 0.0000 0.0000 0.0000 0.0000 0.0000 0.0000 0.0000 0.0000 0.0000

numio run finished at: 2024-02-01 14:04:49.906482
main node finished, sending done signals...
sending stop signal to node: 1
sending stop signal to node: 2
sent all done signals
shutting down node 0 at 2024-02-01 14:04:50.859358
starting node 2
found background node with rank: 2
starting background daemon on node 2
listening for done signal on 2
received done on node 2 ending process...
done with running background daemon on node 2
shutting down node 2 at 2024-02-01 14:04:50.885257
starting node 1
found background node with rank: 1
starting background daemon on node 1
listening for done signal on 1
received done on node 1 ending process...
done with running background daemon on node 1
shutting down node 1 at 2024-02-01 14:04:51.655998
